323		270		245		368		517		142		277		554		840		299		
412		292		400		155		671		494		924		56		669		599		
418		549		898		260		584		247		999		657		897		592		
32		69		916		722		46		417		667		50		750		122		
394		843		249		679		255		637		902		732		786		244		
933		777		460		638		29		397		29		784		401		111		
736		784		126		958		874		336		216		719		355		297		
117		487		723		167		722		73		817		724		508		410		
88		311		282		540		676		638		594		424		68		49		
457		295		135		433		759		739		851		641		970		585		
532		220		186		346		627		151		541		66		431		272		
507		136		576		56		581		184		529		653		9		981		
741		346		377		939		334		547		709		275		146		404		
54		600		175		154		749		283		617		60		483		522		
233		370		666		566		863		519		524		276		204		179		
675		292		729		60		736		41		829		527		967		320		
693		9		883		84		980		291		582		465		77		861		
388		272		846		497		201		779		976		356		408		658		
980		177		974		4		120		583		710		569		442		931		
205		512		605		81		633		325		506		55		374		950		
800		442		1		189		223		598		9		440		809		0		
362		368		626		766		203		583		410		921		771		461		
952		785		80		308		97		858		384		651		497		799		
795		912		450		396		56		810		35		472		736		101		
202		426		112		951		933		994		875		379		733		860		
759		924		461		41		694		52		562		591		976		589		
259		266		503		880		634		162		963		244		515		455		
479		898		100		458		452		455		718		838		252		865		
100		495		346		901		793		810		904		744		567		373		
153		172		653		432		64		734		65		260		656		38		
150		739		782		623		623		161		4		663		821		969		
48		633		461		467		500		841		870		900		710		431		
17		78		723		705		266		898		800		778		398		219		
209		7		453		445		174		419		530		982		762		329		
105		987		885		626		640		958		93		928		561		279		
865		587		759		889		558		921		471		727		245		131		
626		414		453		934		960		924		861		783		990		609		
245		243		226		885		677		910		871		2		525		546		
301		612		335		266		514		534		130		599		439		911		
849		803		452		461		660		876		998		152		804		99		
810		42		644		166		330		654		479		435		23		639		
565		654		775		490		538		413		946		54		280		18		
56		602		43		152		453		361		325		625		383		338		
876		103		671		130		145		826		350		142		331		506		
611		755		811		878		2		201		104		324		54		568		
374		121		538		417		11		427		77		352		618		941		
492		313		700		419		197		729		835		223		249		429		
256		779		320		481		928		112		180		658		347		182		
783		204		150		197		126		132		849		228		715		293		
770		88		957		373		347		23		651		773		866		92		
777		988		728		566		481		94		181		757		837		772		
98		757		180		171		942		966		780		681		637		42		
399		509		77		833		665		743		107		242		169		512		
222		675		406		523		898		994		292		811		201		949		
294		79		868		703		774		988		152		116		787		698		
135		943		267		482		667		449		65		574		179		829		
296		201		719		178		705		592		670		617		129		769		
147		559		591		579		851		565		892		719		242		910		
692		278		855		121		396		163		805		408		861		178		
819		816		752		944		774		82		426		989		397		801		
9		576		549		429		559		433		758		703		575		973		
582		278		294		141		989		193		277		352		281		454		
12		331		659		427		360		158		633		299		952		433		
877		803		356		686		534		205		591		265		213		132		
503		205		299		186		954		472		713		823		500		394		
256		299		38		202		83		469		121		34		609		316		
83		572		895		767		465		101		757		968		566		321		
824		990		227		111		425		803		752		614		651		563		
65		944		722		694		948		190		691		640		442		309		
150		55		717		447		915		420		577		596		548		302		
621		315		415		227		476		236		752		337		95		608		
876		620		917		435		736		824		542		320		995		218		
604		333		465		938		3		561		386		380		267		564		
994		63		220		886		26		756		849		435		744		195		
879		420		210		251		104		913		488		681		643		310		
259		372		295		932		432		894		120		114		970		613		
56		636		319		306		314		602		609		1		891		340		
625		827		794		180		159		137		81		668		468		921		
332		579		731		390		842		314		461		355		730		931		
781		976		872		60		43		128		111		728		637		578		
249		127		987		343		549		480		673		539		945		68		
994		8		248		468		571		911		517		925		559		952		
57		835		145		677		746		324		54		57		380		151		
28		454		980		589		790		200		115		302		458		612		
199		791		988		374		520		251		924		465		930		63		
565		359		118		274		840		275		886		765		305		661		
145		760		383		183		779		757		522		750		481		96		
128		627		524		63		201		954		68		591		380		930		
630		567		689		678		649		393		856		988		909		262		
346		244		453		65		287		971		287		511		39		921		
202		702		821		439		935		419		753		885		67		384		
749		75		44		54		666		590		945		263		171		382		
303		8		562		78		145		812		770		379		16		740		
262		304		548		422		816		329		161		940		524		343		
486		919		821		484		234		987		368		439		327		420		
440		842		963		737		170		474		317		369		618		319		
581		947		245		533		119		490		913		625		802		785		
65		472		316		715		838		933		208		374		731		609		
602		257		303		480		194		499		984		409		320		566		
294		358		311		645		573		742		236		529		592		311		
329		122		690		687		805		148		950		245		79		232		
523		452		907		165		848		152		708		118		886		667		
66		165		173		882		405		424		199		268		779		396		
781		491		159		735		614		838		227		595		367		133		
367		959		880		823		866		696		379		673		319		32		
586		768		956		85		457		697		704		654		906		950		
883		338		928		156		811		649		350		579		412		54		
672		734		767		198		466		315		126		562		416		676		
790		691		934		200		950		711		185		196		223		782		
541		902		477		299		857		347		518		735		240		767		
912		992		433		693		79		434		849		256		127		404		
159		682		751		87		304		954		495		586		221		123		
851		569		322		202		745		151		912		528		79		410		
229		530		840		30		970		389		49		165		125		246		
798		93		560		329		243		58		442		759		600		646		
37		110		884		782		296		900		893		927		653		515		
775		401		861		964		564		258		515		709		522		734		
758		84		627		358		19		609		481		222		923		847		
760		827		625		676		257		805		806		850		924		122		
552		244		453		980		977		900		243		387		284		732		
525		261		277		844		357		157		385		636		18		738		
387		186		264		458		193		926		83		799		334		340		
324		392		602		770		675		731		783		211		293		594		
709		891		488		947		344		332		525		612		720		640		
349		615		74		480		424		794		629		84		345		699		
655		164		142		554		705		503		102		15		88		433		
156		981		134		970		715		535		617		93		154		771		
73		742		611		636		592		936		575		788		37		262		
436		289		681		384		681		655		750		737		344		39		
229		678		61		351		191		873		687		313		958		175		
829		376		173		646		347		129		77		500		309		783		
273		156		619		665		620		34		269		135		74		353		
881		787		445		490		499		661		425		624		988		114		
689		594		622		333		963		944		206		734		33		850		
779		123		338		118		103		164		745		880		28		131		
996		886		64		324		503		684		980		265		594		366		
145		385		337		637		932		242		602		348		548		172		
796		403		857		240		982		851		735		505		230		195		
796		170		283		226		190		488		309		46		40		282		
675		364		559		46		421		561		112		861		468		153		
604		170		70		615		742		335		175		412		468		649		
548		754		509		244		921		379		195		434		294		398		
240		920		861		3		37		634		367		126		841		416		
920		545		711		72		320		373		355		231		331		745		
966		402		235		303		824		42		573		706		886		391		
794		997		932		388		790		248		796		227		358		596		
56		754		461		362		684		231		912		70		712		680		
84		146		228		350		964		320		188		643		655		687		
15		601		904		371		955		285		320		726		691		916		
250		203		716		956		117		493		676		542		512		139		
779		667		512		30		199		925		701		326		843		591		
262		690		903		919		394		551		942		907		290		180		
219		402		195		683		38		261		359		249		14		517		
918		442		319		799		913		703		694		797		16		41		
746		822		244		435		118		442		559		539		316		710		
451		169		516		935		641		507		797		837		107		528		
667		909		692		883		650		148		798		51		706		488		
75		921		187		969		360		761		563		345		528		837		
758		615		77		446		661		770		940		652		26		780		
497		344		243		549		296		568		581		946		663		83		
98		62		112		462		710		359		123		630		551		652		
27		686		203		166		351		811		839		12		508		830		
245		883		881		602		525		581		492		103		175		354		
147		231		911		661		958		591		115		481		723		352		
569		627		153		830		148		905		441		488		641		307		
57		489		69		329		60		790		169		462		407		370		
593		459		948		207		289		671		508		45		761		518		
337		127		442		847		530		516		809		2		963		516		
68		617		436		349		67		535		816		52		241		423		
465		215		178		582		369		914		319		859		796		224		
496		46		821		509		706		503		919		426		497		320		
517		593		759		446		323		561		134		307		382		884		
210		776		457		223		603		130		770		73		194		234		
613		336		193		873		784		937		536		27		142		814		
245		420		151		997		763		608		463		318		655		151		
206		133		655		610		9		713		563		279		888		292		
817		651		655		557		284		968		512		434		212		932		
88		601		876		252		361		433		0		465		433		548		
805		731		417		768		630		859		576		47		11		829		
745		67		429		742		682		798		920		458		510		681		
960		273		782		747		471		770		859		885		101		921		
176		915		17		406		661		877		759		470		678		15		
923		277		278		710		445		219		518		476		350		167		
267		942		873		418		775		948		901		14		342		528		
266		726		931		587		514		231		732		204		611		464		
436		450		66		46		639		189		690		571		355		743		
5		848		950		369		226		816		522		635		63		791		
184		892		641		410		308		699		546		657		941		309		
394		179		104		152		697		488		197		591		91		365		
218		487		182		948		942		697		160		922		241		746		
877		997		746		87		7		45		978		893		382		825		
279		871		187		262		931		889		863		652		534		357		
289		714		425		868		360		307		613		88		230		504		
51		415		518		296		837		882		559		781		980		543		
16		577		956		227		783		601		837		236		173		745		
220		279		796		272		433		477		884		462		778		284		
626		179		368		819		186		745		479		629		359		316		
652		298		304		913		627		298		541		469		271		203		
186		903		965		805		995		777		763		484		282		411		
468		382		716		337		439		870		410		791		914		568		
415		121		929		5		821		527		700		121		766		145		
279		68		791		727		771		966		679		741		765		951		
177		549		629		366		973		149		882		679		902		882		
829		826		72		285		347		554		400		277		727		859		
169		989		279		80		132		440		781		684		583		754		
393		519		449		425		260		339		813		396		376		168		
701		858		127		348		386		903		506		495		201		946		
548		559		103		906		981		527		376		498		658		229		
548		954		661		28		700		825		969		759		523		104		
202		455		640		720		930		735		748		383		374		725		
103		15		915		620		23		343		699		128		716		750		
980		762		53		789		955		821		391		692		420		968		
32		912		934		397		271		700		805		168		262		445		
983		804		314		658		28		795		99		60		343		877		
367		507		74		27		755		481		721		980		173		899		
422		895		444		700		53		354		937		420		72		258		
138		354		430		564		763		445		607		724		136		898		
123		268		802		473		948		424		718		104		241		319		
788		476		997		892		269		733		799		189		542		434		
427		660		757		221		177		341		170		640		284		631		
280		704		150		534		52		48		826		936		877		737		
626		927		700		153		922		358		358		514		317		504		
711		757		390		685		610		630		521		670		46		666		
908		931		387		174		528		875		406		329		148		436		
809		309		356		92		934		354		421		351		501		860		
277		633		396		30		89		534		127		550		359		128		
160		179		309		322		720		12		801		763		639		339		
338		380		265		291		975		373		770		893		631		45		
667		665		256		649		500		123		172		223		380		724		
881		259		304		227		768		154		112		539		505		637		
624		495		732		416		638		931		859		300		511		820		
206		737		159		371		591		896		24		70		736		656		
850		672		881		343		61		787		246		668		643		314		
848		211		953		675		419		472		727		557		216		439		
254		807		484		539		457		730		985		918		688		831		
323		625		353		531		749		932		503		762		221		688		
960		514		30		395		241		922		933		900		437		810		
622		791		814		988		783		523		451		268		509		762		
770		525		694		505		184		676		479		777		495		752		
855		157		655		322		691		142		897		737		259		403		
383		105		949		396		104		429		105		40		667		595		
533		518		577		504		362		329		744		331		590		904		
693		518		523		677		194		234		463		603		352		18		
366		270		518		939		670		262		755		354		201		100		
273		630		256		936		131		512		213		714		840		497		
506		71		240		283		280		894		982		826		115		204		
63		356		668		981		506		350		855		132		192		449		
735		829		614		838		246		577		553		454		193		625		
689		21		946		775		73		663		704		881		765		219		
245		103		973		271		31		296		114		460		641		255		
631		28		354		708		906		458		135		968		682		465		
620		225		378		991		232		15		919		970		282		62		
463		308		519		429		355		211		70		166		287		629		
765		384		775		634		692		337		4		578		154		607		
151		73		336		953		404		111		747		529		995		445		
718		981		172		69		735		582		737		321		312		593		
304		831		561		237		120		972		60		203		708		830		
602		260		383		502		628		904		207		630		243		555		
76		23		468		533		859		559		223		698		134		137		
271		535		694		588		663		38		188		441		754		148		
156		391		372		433		291		905		463		63		794		35		
537		766		659		265		668		504		364		73		909		881		
122		889		674		465		552		964		70		749		752		833		
982		130		425		748		961		132		578		594		563		998		
118		967		275		178		568		498		902		260		472		291		
859		274		535		43		465		279		151		565		613		600		
919		636		241		694		6		934		161		334		973		343		
95		165		306		304		474		471		882		906		970		826		
607		366		128		222		994		150		268		993		939		81		
190		256		975		803		169		808		489		291		900		750		
996		90		907		371		823		241		214		829		938		369		
425		578		832		64		212		342		150		995		459		742		
699		975		64		189		72		677		391		24		874		246		
635		134		654		930		367		546		76		47		640		707		
863		232		961		11		84		700		598		447		137		57		
94		247		160		792		563		71		83		530		515		13		
106		460		724		436		979		191		755		736		114		540		
262		530		810		462		563		975		242		591		680		628		
651		208		677		116		689		619		615		846		136		99		
62		336		465		983		825		113		565		826		568		110		
625		311		426		227		186		27		592		436		827		443		
913		476		413		16		232		77		63		88		212		889		
222		743		70		370		174		102		656		357		489		18		
52		188		168		568		74		691		192		984		694		19		
463		199		585		550		631		978		695		978		697		679		
714		154		982		54		493		912		98		953		75		864		
626		808		600		145		15		760		680		861		52		924		
431		396		485		884		817		915		304		517		219		19		
880		113		777		791		687		553		265		117		972		680		
0		65		870		2		892		743		544		413		850		872		
245		527		345		430		333		64		559		139		225		753		
170		519		75		957		425		153		330		383		772		488		
709		44		417		129		141		35		753		860		768		370		
26		363		43		938		198		803		856		621		132		990		
209		199		902		687		155		92		282		935		694		920		
381		880		92		813		677		729		848		32		989		497		
650		780		479		711		976		764		661		313		310		515		
152		275		793		830		677		83		864		404		501		963		
52		469		139		574		618		833		964		271		727		50		
394		6		19		341		545		796		361		469		926		649		
358		713		836		4		608		782		281		619		121		400		
600		403		236		725		80		898		583		730		526		667		
769		306		438		163		582		524		928		2		777		285		
865		619		769		495		998		223		239		656		408		862		
487		821		469		88		101		616		451		372		762		207		
211		31		455		480		579		791		217		418		396		912		
590		301		333		615		22		989		288		181		134		675		
972		198		625		29		290		658		528		462		180		564		
804		281		467		281		824		178		952		603		980		350		
317		151		656		300		636		452		934		100		416		398		
156		295		636		665		680		390		81		417		116		280		
179		697		996		975		806		539		709		402		445		968		
265		264		891		544		160		531		758		227		265		507		
696		361		33		133		744		424		363		587		456		476		
330		245		576		348		267		929		340		659		893		847		
625		67		405		344		150		185		6		401		201		765		
646		738		39		64		215		196		87		219		99		145		
633		685		585		230		179		981		720		791		245		769		
257		674		278		743		379		391		958		674		425		478		
150		400		886		865		652		233		171		260		443		450		
416		834		891		858		90		34		317		644		100		290		
65		199		169		434		403		419		800		212		780		45		
601		26		469		660		896		505		649		101		704		421		
803		332		17		38		110		548		844		385		692		273		
790		697		409		84		788		375		984		638		695		463		
142		904		816		238		542		891		533		353		669		636		
332		312		71		274		15		147		234		579		336		707		
65		691		815		596		483		223		763		905		150		601		
726		809		941		757		67		1		434		91		524		346		
184		309		599		652		440		732		857		867		574		743		
382		817		573		540		375		116		793		225		301		129		
315		324		197		993		370		682		917		363		423		614		
238		571		34		794		610		162		12		50		704		981		
740		335		517		994		102		114		541		696		745		898		
867		846		576		247		821		71		987		727		180		301		
7		162		986		588		659		801		957		952		340		692		
355		818		476		388		70		678		526		62		562		320		
45		553		716		249		709		626		486		644		186		142		
696		718		360		95		185		805		27		779		255		832		
496		778		251		248		588		206		392		6		627		151		
789		821		459		776		593		224		243		836		183		623		
422		982		562		982		412		591		427		407		474		376		
680		2		697		475		935		457		181		525		628		273		
943		39		287		502		893		581		570		357		920		910		
81		696		518		502		202		86		538		248		407		425		
705		48		898		428		141		608		432		405		495		121		
409		239		921		196		456		51		546		25		670		392		
397		233		987		632		596		463		759		253		329		716		
534		900		950		683		363		400		14		353		870		435		
371		505		928		289		528		520		870		933		986		900		
245		767		851		770		350		278		911		593		170		867		
59		833		319		950		42		440		555		206		946		542		
248		363		407		927		97		37		646		489		516		154		
77		966		672		84		369		148		257		722		15		428		
394		473		983		256		683		241		950		216		443		292		
787		54		279		85		108		601		691		262		138		935		
248		37		51		255		815		871		22		342		741		668		
60		167		648		310		573		760		953		517		168		643		
322		36		296		963		778		578		811		784		903		897		
84		884		867		211		972		766		330		118		868		447		
706		597		262		284		476		314		517		779		98		528		
794		625		210		510		520		155		970		825		146		932		
20		112		12		870		276		854		504		4		895		443		
106		680		927		532		741		289		373		813		951		327		
726		876		522		34		448		944		421		407		486		426		
115		772		355		930		666		391		20		685		839		977		
217		461		224		377		357		578		609		359		395		600		
459		773		620		937		882		709		870		500		942		615		
831		221		781		769		939		144		6		989		354		40		
305		661		22		413		622		226		355		382		883		941		
623		394		377		909		436		397		465		531		100		33		
707		259		685		899		576		588		365		632		441		632		
871		960		830		536		62		2		916		34		922		136		
641		525		929		75		185		343		472		26		231		580		
481		328		324		474		367		692		995		467		248		508		
593		874		571		636		871		817		114		556		474		731		
929		112		564		494		904		452		652		803		965		367		
972		976		222		327		617		517		606		142		600		311		
997		580		71		618		397		501		18		226		978		171		
40		131		425		359		629		575		701		28		456		672		
262		277		775		39		483		673		626		460		1		571		
86		295		740		47		396		423		629		65		697		985		
709		32		414		403		866		4		178		161		263		236		
263		919		881		923		866		592		983		931		71		567		
561		610		213		101		164		805		838		202		492		154		
858		751		156		322		540		67		811		719		389		684		
255		434		415		632		982		249		301		965		930		831		
889		150		237		740		37		143		982		910		351		219		
82		136		127		987		191		618		114		762		532		721		
36		543		901		912		10		19		598		47		662		452		
94		332		766		177		550		215		286		806		161		883		
405		394		670		153		422		895		708		422		281		786		
639		305		193		876		448		118		54		408		705		886		
438		622		264		786		303		735		731		301		681		746		
462		634		618		694		401		967		961		105		862		704		
863		249		681		775		67		89		169		730		77		14		
382		877		181		778		955		706		853		497		117		646		
844		355		668		310		589		49		59		113		631		826		
595		592		206		920		85		51		394		327		823		286		
286		870		653		749		507		426		540		67		678		791		
988		673		696		760		820		908		133		665		371		136		
312		698		108		604		796		151		680		830		813		934		
731		321		336		433		416		700		633		876		582		5		
564		529		495		582		294		58		982		198		284		943		
937		731		556		865		392		262		411		182		941		584		
726		62		4		764		101		972		973		548		141		642		
199		121		206		278		199		653		452		153		9		35		
521		563		462		66		675		743		464		710		201		372		
746		631		204		294		707		238		436		418		732		885		
145		970		303		638		515		424		531		479		892		381		
14		276		308		164		898		389		885		947		595		554		
840		434		383		837		79		488		999		527		645		50		
582		845		123		148		295		12		157		5		100		427		
628		350		900		168		21		204		996		261		930		598		
850		564		215		969		782		841		783		2		529		343		
480		267		746		414		157		898		903		92		475		182		
153		945		46		636		60		423		556		489		221		553		
690		88		548		435		126		158		740		899		885		165		
969		863		677		822		625		351		390		978		38		188		
261		931		347		794		825		318		213		377		721		252		
140		914		341		777		34		560		125		844		3		508		
247		41		14		422		653		123		259		729		797		118		
477		7		291		188		978		508		12		749		800		599		
76		541		34		70		659		993		444		258		444		218		
187		243		566		965		153		517		574		394		559		395		
956		548		483		946		557		400		213		706		721		713		
821		816		94		523		751		295		21		871		169		241		
67		823		548		761		371		11		129		106		289		514		
150		277		274		469		809		871		731		208		933		777		
431		34		531		453		533		792		82		941		865		213		
393		221		658		92		749		956		324		217		479		543		
863		717		759		384		223		584		303		501		469		836		
121		195		686		272		210		556		531		986		995		599		
233		625		558		767		97		809		630		110		850		896		
458		412		342		353		987		730		179		639		764		556		
643		628		634		975		94		722		163		175		974		634		
28		245		995		684		358		678		480		646		136		743		
278		560		419		919		687		895		914		182		510		272		
320		149		573		816		807		446		631		649		486		750		
967		152		194		95		857		933		817		915		352		859		
387		989		231		760		201		970		611		167		187		841		
488		468		820		319		28		984		777		246		873		590		
762		415		63		308		616		213		353		422		448		364		
239		591		142		458		164		786		902		701		273		881		
630		197		681		875		208		571		526		67		927		794		
692		582		368		700		797		990		52		440		389		237		
18		843		350		875		802		141		671		124		175		334		
816		100		12		745		794		413		379		799		269		890		
210		815		793		100		472		132		616		437		206		464		
164		899		856		96		646		560		942		39		871		303		
166		95		298		9		669		293		57		273		790		829		
671		397		754		119		14		191		497		96		722		778		
655		211		710		432		546		329		765		147		11		231		
484		819		579		368		758		680		648		194		839		81		
921		717		598		116		630		57		260		334		123		439		
762		29		846		459		195		132		695		376		797		495		
96		341		598		904		605		695		988		537		102		647		
37		499		507		141		896		998		711		525		732		514		
823		705		600		486		405		527		83		495		936		533		
349		115		230		306		597		293		997		86		924		588		
359		92		449		160		76		479		631		45		116		732		
532		451		93		599		316		172		129		816		670		56		
924		22		404		798		781		836		233		996		995		708		
254		496		154		818		405		200		413		802		314		447		
302		429		526		137		220		983		438		161		157		964		
620		552		572		997		4		297		828		726		554		683		
398		890		346		815		95		424		599		490		94		343		
137		213		132		680		249		299		213		188		942		411		
334		998		661		991		120		769		564		180		556		77		
744		603		726		190		88		911		431		518		561		640		
718		261		811		471		415		862		228		867		175		699		
556		235		847		179		585		349		527		115		20		135		
556		539		51		204		828		562		512		41		122		325		
650		760		606		644		730		469		295		661		433		39		
163		702		688		601		590		853		320		106		545		970		
988		737		597		303		19		669		808		118		634		581		
927		76		58		467		941		813		733		110		91		544		
55		288		793		308		195		525		795		443		859		477		
183		430		68		684		782		873		97		688		257		201		
455		26		87		315		809		577		860		174		876		115		
532		52		726		518		704		21		451		214		407		149		
256		183		9		823		772		486		696		834		27		451		
864		315		421		226		713		666		295		714		59		905		
968		92		217		507		838		672		560		578		977		461		
706		948		937		681		310		102		132		80		491		545		
155		119		37		124		661		683		326		530		436		397		
721		806		495		769		923		76		151		432		282		874		
46		411		147		431		388		928		471		682		860		986		
798		910		655		124		439		989		56		718		549		618		
288		491		358		604		626		226		65		936		25		676		
814		197		376		93		363		966		699		855		595		908		
885		379		817		914		769		98		62		197		932		539		
951		723		739		61		435		259		281		431		700		110		
116		325		427		604		137		662		857		234		788		125		
811		282		117		253		693		84		104		712		155		196		
67		241		508		644		741		368		280		355		597		471		
291		630		448		267		578		470		480		621		6		690		
409		441		39		6		613		22		978		28		99		607		
222		667		220		274		531		29		78		487		404		941		
388		19		943		144		878		894		819		707		4		361		
129		870		145		708		222		440		486		151		328		595		
260		391		790		680		830		668		813		302		135		457		
648		456		456		403		168		541		324		333		189		316		
527		859		419		622		180		102		560		174		454		528		
341		15		690		480		180		470		91		112		481		200		
662		53		339		572		815		535		117		556		307		218		
752		296		312		979		244		339		530		231		47		658		
295		625		492		531		93		954		967		498		874		182		
840		538		172		556		134		122		395		214		583		469		
716		147		133		271		375		473		75		957		275		46		
696		572		696		569		427		924		5		933		520		854		
267		502		833		140		850		214		409		329		411		362		
533		337		965		993		908		97		876		909		329		722		
863		629		14		754		560		305		130		828		490		40		
462		89		574		887		45		679		638		779		563		881		
222		249		576		831		840		827		516		23		495		278		
525		964		806		634		830		742		241		202		67		650		
52		100		210		452		315		971		236		602		850		275		
325		162		174		268		191		863		723		763		582		992		
360		157		128		18		984		686		467		463		74		674		
35		343		187		209		668		582		690		504		37		669		
165		925		374		949		594		931		267		194		528		879		
57		109		511		474		473		68		805		377		267		78		
843		329		780		705		527		431		67		47		419		895		
257		953		790		458		719		482		490		638		636		359		
838		993		686		940		276		813		537		75		581		339		
366		138		548		593		382		546		537		101		592		879		
367		367		807		837		535		106		623		391		86		604		
465		974		997		191		397		216		896		110		239		78		
385		635		158		123		173		776		401		754		975		525		
290		503		148		570		775		481		343		605		607		774		
590		470		99		199		485		761		749		822		825		652		
68		126		959		138		56		977		614		775		500		759		
507		509		394		574		595		198		427		357		454		891		
982		886		890		228		289		507		78		497		254		880		
504		617		760		881		809		384		270		269		751		678		
215		307		91		598		695		372		221		141		361		786		
404		404		853		911		858		686		428		145		152		230		
986		133		286		531		850		17		805		253		496		334		
449		853		27		454		753		608		546		642		288		101		
889		327		401		623		44		730		815		844		779		442		
451		455		502		21		809		811		355		517		421		521		
758		828		250		92		56		30		883		787		19		287		
206		902		660		157		181		229		706		150		527		286		
551		37		247		477		157		449		91		456		394		214		
960		4		567		176		915		538		293		949		475		422		
977		139		437		26		34		691		312		870		712		908		
515		947		823		114		716		800		92		712		667		124		
728		179		21		485		923		193		421		689		675		435		
816		770		76		495		55		999		474		961		499		234		
29		130		980		652		84		401		562		199		710		34		
752		53		60		332		342		789		691		624		958		695		
241		486		561		360		694		42		187		543		853		7		
972		744		578		178		336		577		462		939		90		420		
665		335		548		373		199		138		954		940		919		139		
168		524		440		416		432		917		300		164		337		960		
450		718		100		794		838		340		449		786		724		79		
202		477		405		232		702		330		129		604		25		698		
982		108		673		802		895		616		748		212		89		405		
529		907		186		989		548		46		314		526		934		694		
815		717		636		587		171		732		78		988		473		818		
251		94		513		826		779		736		335		23		893		212		
43		542		3		695		388		796		578		365		766		650		
318		607		550		62		958		238		459		540		756		373		
728		876		696		898		399		750		773		957		432		348		
619		388		402		206		143		454		25		428		56		886		
745		247		883		643		922		633		570		654		252		55		
728		787		333		491		256		76		857		31		158		914		
497		383		510		485		735		30		853		966		705		716		
909		251		292		318		820		347		26		494		702		795		
631		69		42		960		601		382		427		405		54		517		
352		407		947		232		446		447		562		269		253		136		
443		804		664		67		542		790		609		847		671		254		
956		124		395		606		122		434		251		350		1		629		
487		681		58		428		141		776		444		722		962		643		
375		452		431		380		683		445		816		983		338		159		
1		600		995		610		369		315		376		946		644		737		
907		691		908		994		124		16		80		742		582		262		
807		32		3		290		198		677		925		234		761		449		
151		650		103		764		779		653		169		539		197		511		
548		665		599		345		324		552		918		869		403		866		
5		522		691		13		369		146		216		7		878		250		
50		133		872		809		169		754		939		229		202		855		
423		339		370		638		438		541		304		915		184		497		
159		965		762		159		531		89		922		403		365		992		
702		116		610		674		237		244		105		195		869		746		
596		693		343		452		926		862		313		504		135		804		
722		373		268		398		891		101		738		924		788		494		
627		266		853		658		394		641		502		683		380		950		
328		115		41		951		462		763		905		699		246		890		
434		866		245		481		593		373		338		12		510		647		
617		43		933		308		83		666		378		529		139		206		
949		732		909		753		14		453		266		304		171		981		
23		931		72		445		911		996		102		571		109		60		
303		9		967		490		313		143		48		973		97		762		
533		781		330		564		34		812		718		717		693		459		
995		154		99		522		178		814		633		912		708		287		
814		380		366		762		616		931		743		105		700		611		
40		460		50		727		523		710		496		948		910		889		
357		499		754		444		225		369		439		404		236		643		
659		361		356		382		971		51		91		813		73		540		
823		652		22		136		44		253		865		818		615		785		
377		112		860		50		768		851		987		142		496		112		
62		190		146		178		543		672		645		179		63		938		
788		176		570		136		116		765		777		919		636		545		
79		219		157		923		553		854		996		757		800		714		
853		224		369		137		538		433		943		899		941		914		
726		224		555		212		923		302		417		251		35		869		
451		90		177		113		314		785		932		544		270		788		
448		765		733		726		395		260		771		134		27		678		
202		953		951		247		907		232		395		967		814		891		
512		438		639		269		491		68		474		90		245		568		
831		879		243		174		617		297		830		382		724		65		
29		363		29		382		594		633		791		292		403		379		
683		980		890		12		399		139		743		956		978		927		
420		797		95		47		169		95		80		10		577		752		
453		859		852		808		814		292		191		197		325		833		
425		290		191		902		296		629		340		603		947		617		
732		78		137		689		581		82		202		646		651		400		
756		435		119		155		929		838		204		856		494		338		
965		533		775		955		298		577		842		450		941		573		
721		394		128		954		988		818		754		91		222		684		
650		931		702		381		522		210		290		85		639		20		
7		41		648		923		596		600		686		246		87		451		
859		578		280		369		886		424		85		649		949		23		
173		337		956		460		433		430		173		750		800		77		
48		583		146		946		878		72		632		487		128		916		
273		800		158		385		136		356		212		290		452		230		
911		72		64		700		169		73		484		776		921		122		
923		686		919		345		312		581		102		598		922		313		
123		988		159		712		5		378		168		212		341		47		
97		496		256		509		269		375		218		485		767		961		
790		211		956		679		995		963		119		289		409		428		
412		46		189		21		185		596		744		949		858		457		
759		351		709		273		775		918		229		696		983		405		
250		650		675		451		257		633		813		92		864		304		
526		35		573		926		406		39		240		140		897		803		
981		650		283		19		494		199		436		428		753		504		
439		403		46		395		184		585		556		92		628		13		
596		976		358		970		245		624		111		994		426		456		
317		491		681		89		216		98		574		571		777		246		
943		607		283		46		481		868		494		669		643		104		
561		236		809		778		681		561		332		854		128		231		
600		776		807		806		398		804		118		492		283		805		
43		356		505		85		538		758		636		325		725		536		
680		685		916		131		681		70		142		216		338		294		
376		93		762		916		805		155		476		100		343		874		
175		133		893		55		742		217		949		428		272		909		
404		328		585		122		324		834		138		260		869		120		
600		361		728		12		433		347		391		186		20		713		
33		539		552		979		316		950		789		93		52		175		
363		886		164		808		720		441		674		335		790		947		
559		536		52		742		615		189		43		358		822		163		
36		419		588		943		96		814		251		193		80		231		
406		439		566		638		348		437		436		864		109		92		
996		316		852		41		927		863		494		447		546		661		
690		359		293		961		433		543		774		303		40		480		
718		424		363		197		826		133		637		297		989		424		
334		256		28		903		259		217		594		578		76		538		
36		552		298		893		232		357		248		418		234		390		
899		356		31		432		533		280		230		765		118		547		
931		352		308		604		141		900		469		266		715		88		
866		447		131		678		823		893		51		589		504		344		
340		443		918		140		787		286		545		984		849		741		
592		820		182		386		16		911		809		851		42		628		
323		257		392		781		358		113		848		336		88		378		
465		257		636		949		662		929		282		756		290		534		
205		924		427		131		190		764		697		577		951		883		
944		357		747		221		669		612		228		975		830		973		
741		947		653		326		186		982		37		202		412		576		
213		81		801		763		166		504		75		928		152		698		
471		550		554		287		450		852		41		405		239		809		
400		868		12		794		73		110		966		500		587		143		
137		987		253		937		589		594		530		275		949		356		
901		67		722		218		886		26		191		757		341		855		
798		511		599		630		964		77		832		330		936		584		
568		320		553		501		672		879		969		337		110		861		
596		264		559		635		734		144		597		564		332		818		
425		282		65		561		571		714		260		533		984		169		
272		666		802		78		53		829		918		841		93		103		
907		453		561		70		695		51		292		240		518		599		
64		113		941		238		880		326		403		584		166		330		
145		739		830		834		828		304		859		957		305		922		
257		286		792		555		290		996		436		121		396		697		
586		210		179		994		791		668		67		831		823		17		
241		676		724		80		219		223		52		966		564		67		
862		447		45		468		814		984		528		700		703		351		
959		669		680		254		301		551		906		979		898		916		
665		867		413		979		849		625		957		626		291		577		
593		152		415		370		953		282		428		99		852		340		
135		405		411		354		553		130		118		839		236		204		
629		309		702		769		210		150		975		805		86		492		
232		424		664		636		44		106		693		16		964		340		
204		116		701		409		98		841		364		318		918		953		
294		605		429		322		121		664		688		375		47		908		
324		315		508		411		867		215		389		999		193		845		
155		924		826		662		857		885		114		106		914		842		
821		190		543		377		984		459		208		810		807		804		
800		455		73		15		854		683		121		88		577		786		
598		763		147		610		325		881		82		817		469		476		
411		503		315		118		775		333		663		271		427		774		
55		326		227		893		251		562		415		231		177		657		
528		202		498		648		724		774		372		180		416		347		
689		401		470		948		184		273		808		291		515		967		
651		668		57		564		343		294		692		882		510		823		
157		592		419		607		471		37		309		265		9		168		
620		781		216		679		812		369		45		926		944		226		
874		571		392		149		731		648		725		730		979		184		
100		308		940		302		218		290		539		514		735		546		
571		725		14		654		473		999		100		735		648		623		
47		506		222		299		265		184		366		976		669		898		
376		100		17		845		310		698		916		2		176		319		
474		625		994		235		941		895		332		169		639		861		
274		642		238		196		22		182		367		821		547		149		
798		726		363		614		500		602		115		430		762		655		
836		579		173		286		814		49		234		591		649		813		
372		572		572		0		892		590		721		374		129		885		
992		271		456		532		404		62		197		827		35		112		
795		90		657		239		352		162		399		24		53		830		
960		746		652		538		21		681		178		843		913		681		
392		743		951		182		781		334		643		667		934		849		
350		866		544		74		526		900		172		892		181		985		
277		557		553		370		703		977		932		940		824		568		
245		960		171		843		575		994		466		539		208		6		
100		771		404		850		864		71		11		512		969		197		
192		794		114		178		628		667		924		880		451		539		
741		79		741		259		123		946		543		18		698		555		
675		7		338		10		909		888		868		474		664		915		
718		876		65		515		726		799		369		46		123		320		
321		204		474		79		409		674		776		587		137		839		
915		415		836		22		854		524		106		846		388		65		
717		767		36		969		494		718		366		916		944		266		
446		680		349		632		982		969		777		492		833		382		
4		777		117		846		931		219		800		587		905		91		
351		863		618		378		179		132		544		473		780		720		
202		905		282		888		945		327		90		612		749		50		
870		492		320		888		561		273		417		653		201		551		
211		422		174		273		335		949		577		798		808		590		
736		99		437		497		826		649		116		225		574		728		
981		572		409		851		165		964		295		742		500		734		
257		542		833		448		64		169		444		496		537		710		
780		843		258		333		466		92		980		281		934		301		
537		37		345		938		303		14		915		68		854		71		
301		756		39		234		641		745		718		814		345		691		
537		156		486		49		697		935		250		696		520		115		
303		964		339		652		161		612		123		538		10		465		
335		932		389		600		28		611		341		857		391		168		
46		790		162		737		316		991		125		40		500		133		
631		788		495		430		598		612		966		410		539		297		
26		459		321		459		851		570		111		271		236		367		
596		888		76		472		707		364		264		423		175		248		
143		117		137		254		311		115		719		421		742		267		
631		242		603		786		957		950		454		17		49		752		
925		292		868		21		177		699		805		261		849		367		
967		88		21		943		269		8		453		707		369		208		
459		544		656		101		213		990		642		397		648		718		
545		510		914		457		536		79		7		389		31		660		
495		584		412		14		725		562		667		394		922		94		
1		100		531		649		974		147		161		46		801		950		
400		34		408		239		466		116		416		503		740		510		
834		410		921		570		447		645		62		511		77		997		
319		435		98		849		592		646		352		499		349		972		
114		995		590		211		622		717		749		333		115		892		
234		920		69		367		449		325		799		290		290		750		
185		248		306		395		162		904		720		950		503		53		
747		518		820		771		849		849		42		495		227		838		
34		774		792		130		233		465		462		584		685		959		
344		286		319		355		917		838		185		640		981		331		
242		786		689		637		647		751		723		902		701		974		
196		397		828		142		701		699		230		186		944		821		
112		51		448		553		680		607		246		668		720		361		
118		979		26		913		577		321		885		566		275		744		
270		560		552		283		410		379		699		612		371		321		
247		10		113		431		202		29		411		603		223		757		
343		68		859		135		254		34		409		761		307		776		
482		569		294		744		791		737		484		565		737		437		
73		974		252		864		744		354		726		155		762		951		
374		944		653		688		147		695		199		758		483		191		
484		869		534		687		28		323		241		732		545		708		
751		630		231		26		973		831		84		308		821		651		
154		876		829		878		739		309		608		907		5		772		
998		809		6		798		376		299		297		643		759		751		
577		745		357		998		542		436		723		94		702		173		
269		661		653		841		11		871		248		947		617		674		
759		772		682		552		489		138		864		956		404		359		
871		776		357		539		619		471		181		709		951		111		
261		526		535		913		963		926		712		43		85		315		
230		949		189		839		631		92		38		929		839		100		
222		671		402		761		453		419		585		95		429		659		
863		304		378		334		67		790		195		219		556		714		
178		52		720		876		129		292		237		140		853		140		
355		521		567		324		241		160		152		568		55		807		
741		648		572		370		996		797		762		493		870		889		
231		475		14		727		341		647		888		763		796		74		
85		666		917		364		662		141		642		166		303		402		
437		127		679		348		255		669		780		44		266		878		
612		415		25		888		801		602		262		110		581		196		
132		308		447		563		246		661		372		490		463		242		
545		33		964		694		976		741		919		904		722		58		
373		153		524		286		594		247		540		567		171		233		
566		616		901		531		674		352		276		564		664		52		
87		54		239		198		242		38		314		357		403		213		
69		359		626		878		278		605		354		121		23		742		
669		335		3		590		663		863		759		712		161		344		
987		50		33		536		841		864		632		37		173		267		
149		234		557		556		16		36		492		484		393		814		
529		941		106		625		301		694		970		928		485		483		
964		91		357		20		887		825		990		391		943		692		
280		624		660		112		484		256		289		661		651		883		
560		597		899		838		516		895		436		121		47		389		
893		738		37		83		733		274		832		865		190		836		
197		123		700		123		808		191		167		691		564		207		
421		3		605		15		229		337		145		825		327		838		
644		343		815		172		643		185		715		741		116		800		
131		950		636		570		137		772		529		623		417		557		
249		179		570		427		578		581		638		36		459		214		
767		358		882		927		338		713		264		613		312		356		
123		510		362		877		715		392		6		588		591		759		
136		479		432		40		346		979		589		541		270		929		
137		216		955		39		946		706		343		145		595		470		
404		600		997		146		390		458		801		302		59		969		
362		689		412		240		417		768		796		332		656		951		
294		168		74		869		500		251		619		827		197		789		
316		214		46		800		18		829		277		996		552		133		
993		326		42		771		662		553		956		65		680		165		
553		765		902		671		848		566		649		673		516		97		
597		284		251		187		167		292		298		415		111		651		
767		835		608		840		895		334		326		593		785		916		
399		774		962		741		541		680		786		819		59		66		
319		363		726		271		281		86		870		28		781		32		
469		351		766		248		647		81		321		210		99		928		
88		193		225		464		858		609		988		202		896		28		
258		733		611		442		25		549		660		959		900		201		
244		544		487		881		13		798		959		88		16		966		
701		590		497		424		373		81		817		599		970		638		
170		408		949		522		968		654		493		846		397		277		
873		850		293		14		92		488		724		563		567		517		
741		676		878		772		396		720		396		92		478		912		
776		546		280		832		244		826		637		55		155		818		
716		794		348		791		137		316		396		349		99		672		
904		801		926		378		163		825		314		547		557		966		
83		787		485		953		882		292		593		652		628		973		
523		50		522		220		989		921		49		752		145		799		
482		213		274		915		997		385		583		565		65		23		
225		721		471		898		667		40		848		900		921		480		
852		399		900		821		469		316		637		679		667		667		
800		638		506		322		388		915		744		977		720		737		
379		853		176		220		314		955		911		457		499		584		
495		638		517		671		383		571		895		498		772		281		
697		372		84		594		945		23		367		170		97		937		
414		476		198		629		361		104		117		639		371		475		
369		464		753		767		432		787		323		669		350		766		
282		560		674		917		275		20		328		459		970		55		
743		787		762		150		684		63		836		323		446		134		
687		598		211		475		543		50		467		788		97		178		
372		8		693		355		965		852		909		499		864		896		
830		794		737		317		188		520		212		218		602		376		
470		592		58		955		458		442		354		216		863		913		
104		90		408		999		176		818		308		466		547		775		
511		948		58		156		737		752		835		41		141		279		
531		68		957		204		637		673		60		541		546		303		
924		676		769		326		658		100		305		414		502		551		
541		57		911		119		799		219		230		356		640		329		
209		550		134		521		276		596		439		736		115		836		
654		433		787		91		772		964		769		791		64		918		
411		635		962		176		918		267		212		74		0		129		
794		465		975		455		332		166		553		198		433		129		
470		974		855		966		722		375		352		783		375		440		
310		650		35		214		747		196		606		367		258		190		
735		807		50		919		143		538		452		211		358		107		
147		459		188		29		500		412		995		248		238		252		
19		999		75		474		670		591		247		806		494		282		
609		513		883		861		416		630		865		694		231		177		
17		995		132		30		783		119		278		221		308		470		
485		237		997		75		30		567		980		967		679		925		
853		461		576		370		796		500		923		691		45		941		
509		431		460		965		197		843		214		789		356		761		
127		232		334		833		53		629		720		952		157		886		
978		865		101		472		576		562		122		204		859		128		
35		949		69		581		981		395		941		56		657		399		
703		870		283		0		120		761		148		973		400		126		
297		556		641		402		173		539		968		271		109		653		
537		660		403		439		336		315		174		627		453		296		
272		733		535		238		207		204		204		435		688		307		
895		199		561		457		884		705		685		701		521		691		
838		566		597		167		398		555		605		402		998		278		
148		40		899		158		403		96		861		317		665		737		
530		415		741		829		403		572		18		173		469		888		
338		558		451		633		398		458		18		792		581		386		
477		164		931		538		130		163		35		221		340		11		
144		171		50		504		345		216		417		854		308		63		
573		682		4		222		998		508		557		804		712		768		
143		121		467		909		961		661		701		356		33		700		
340		461		305		239		769		600		756		102		25		760		
345		630		29		716		670		509		285		888		785		870		
609		681		44		777		192		800		727		977		636		697		
170		165		853		581		835		535		957		613		197		81		
717		247		210		522		14		278		201		627		490		437		
747		14		587		388		675		65		940		934		437		983		
871		802		97		96		703		553		679		419		336		344		
764		753		811		478		774		83		990		775		565		22		
619		555		667		526		744		97		373		241		831		608		
90		102		327		103		636		982		850		994		572		641		
72		640		963		28		997		188		934		50		566		737		
673		224		282		377		792		622		318		135		578		642		
817		388		247		687		602		687		251		390		783		328		
507		347		87		311		704		668		257		8		609		158		
639		274		774		609		150		80		627		444		607		720		
137		147		451		42		419		784		281		763		47		897		
356		179		268		449		444		443		771		440		945		611		
209		999		479		155		827		23		494		504		467		834		
282		882		539		717		115		148		215		603		165		355		
536		461		258		674		661		945		494		317		893		657		
476		405		467		398		112		732		665		164		420		65		
865		23		767		310		215		550		794		712		962		280		
269		679		101		284		778		447		985		837		735		29		
902		246		634		302		377		338		544		13		760		807		
863		843		164		476		469		812		702		696		537		247		
781		413		288		766		71		646		498		864		862		748		
182		563		37		143		499		950		419		731		465		821		
223		737		359		494		965		280		710		548		175		283		
222		537		584		228		904		770		877		369		372		262		
637		535		995		255		946		597		751		964		400		650		
10		406		110		817		508		569		659		987		793		29		
755		677		331		334		770		412		12		961		896		359		
414		249		213		445		854		96		687		398		438		1		
849		398		835		598		582		455		278		197		127		845		
470		425		666		632		174		894		532		350		187		268		
607		296		778		936		519		422		887		895		953		420		
136		149		854		671		971		350		207		139		166		706		
809		727		246		254		307		372		897		672		85		817		
759		435		899		170		142		868		970		570		902		348		
315		847		790		536		294		861		740		965		960		366		
570		928		168		736		535		389		718		967		11		701		
669		53		967		326		604		287		788		398		543		458		
692		39		283		870		942		258		1		753		373		405		
226		479		955		663		157		137		970		821		349		803		
324		678		550		691		339		460		121		262		595		76		
470		45		263		136		473		529		201		914		136		594		
86		980		492		366		81		750		287		120		935		432		
517		575		475		568		14		825		779		710		330		488		
275		726		774		755		840		462		446		640		8		609		
651		97		543		587		959		692		77		230		95		39		
495		452		721		220		706		78		373		946		944		300		
449		668		372		142		967		941		328		659		866		100		
169		647		449		61		393		546		163		200		437		415		
836		478		160		467		327		57		624		183		196		771		
704		806		635		354		262		619		122		578		613		21		
572		348		22		372		531		286		730		761		583		946		
955		585		863		643		428		483		647		414		133		826		
843		182		380		228		155		106		921		188		799		643		
801		197		813		368		805		96		616		500		99		488		
340		299		485		524		248		976		241		788		330		931		
970		152		697		682		508		382		215		29		157		618		
885		270		442		723		940		225		56		867		217		824		
493		870		425		634		21		751		622		541		529		864		
736		329		469		881		167		543		841		971		127		842		
842		717		221		989		306		950		482		990		142		236		
406		841		190		941		6		175		618		524		873		864		
666		542		560		103		335		933		916		430		809		52		
148		506		217		956		975		559		608		423		142		351		
30		260		974		295		79		315		893		691		164		137		
146		171		710		237		210		62		32		195		633		398		
366		337		406		827		584		617		570		133		315		735		
729		4		522		195		738		859		569		729		532		493		
147		551		377		309		236		254		432		556		697		829		
565		735		606		354		436		159		80		178		454		558		
541		132		227		726		17		337		841		668		51		38		
547		437		118		765		293		359		732		17		911		787		
224		497		449		890		147		54		879		630		210		392		
100		378		917		982		723		836		747		949		147		482		
292		988		667		995		999		53		111		560		902		69		
978		195		415		832		45		238		516		671		854		214		
772		979		4		762		523		239		786		199		240		801		
314		526		118		673		564		880		6		581		607		80		
202		308		831		834		828		202		672		851		224		163		
586		665		704		931		917		876		119		741		319		758		
392		627		788		951		496		542		781		115		721		630		
276		16		0		516		614		770		929		14		602		193		
769		771		170		47		701		440		384		282		217		218		
867		1		467		204		505		605		146		699		270		805		
793		608		710		390		648		598		576		146		245		342		
973		961		326		391		647		734		362		969		740		468		
777		212		917		960		258		972		426		960		700		64		
857		364		238		499		455		924		714		274		141		651		
135		64		870		243		519		39		929		648		353		719		
42		849		440		692		830		980		155		947		839		489		
77		444		308		219		368		255		380		266		214		456		
604		284		25		797		176		53		724		314		103		20		
937		394		442		537		596		441		605		948		687		576		
983		287		576		305		263		639		96		795		847		455		
381		104		438		125		706		357		329		873		229		473		
361		395		906		666		275		572		86		669		419		600		
143		348		426		915		10		693		771		442		932		544		
240		763		661		601		522		727		802		831		721		806		
842		356		841		92		724		479		741		155		199		630		
88		681		945		951		994		324		876		241		751		219		
990		198		271		622		184		148		841		793		769		813		
609		188		51		227		548		279		615		976		761		181		
205		5		299		246		351		345		996		698		654		5		
